2969343830
3000924731
3001592312
3025679944
3052360250
3315302991
3339423397
3402208866
3409836763
3415451766
3416208765
3459200930
3470478700
3502286969
3582891045
3596827035
3597471949
3617485838
3632134603
3643703198
3764265933
3765006871
3765409550
3765795716
3766140920
3766571591
3764476627
3766513120
3766693411
3764848955
3765053321
3765689485
3766061637
3766143397
3764655475
3765079521
3765731606
3765874773
3765077081
3765568727
3766425118
3766525060
3767935128
3769455989
3769456115
3765075128
3765271890
3765670104
3765719180
3767037119
3768354926
3768656166
3765578994
3766496742
3766555790
3768298886
3768357815
3766853734
3768183922
3769577696
3770795385
3770890864
3766508989
3766943005
3768214171
3768669395
3768782754
3766494868
3768196771
3769253140
3769335201
3769773293
3770149036
3772052709
3766049286
3767543784
3768876083
3770497130
3771257222
3772269882
3767193937
3768743814
3768745256
3769172144
3769667510
3769909413
3771083376
3771665235
3772609548
3772779441
3773834525
3773858287
3773911887
3765059053
3765814383
3768091530
3768328640
3768362228
3768804716
3769251473
3769855058
3770007497
3770091088
3770142221
3770186452
3770556335
3770558003
3770753764
3770816500
3771402540
3772415251
3772642726
3772979228
3773092190
3773663869
3773698354
3773874751
3773918709
3773972040
3773998539
3774063062
3774213378
3774266133
3774360904
